Address:   192.168.1.112        11000000.10101000.00000001. 01110000
Netmask:   255.255.255.0 = 24   11111111.11111111.11111111. 00000000
Wildcard:  0.0.0.255            00000000.00000000.00000000. 11111111
=>
Network:   192.168.1.0/24       11000000.10101000.00000001. 00000000
HostMin:   192.168.1.1          11000000.10101000.00000001. 00000001
HostMax:   192.168.1.254        11000000.10101000.00000001. 11111110
Broadcast: 192.168.1.255        11000000.10101000.00000001. 11111111
Hosts/Net: 254                   Class C, Private Internet
