Address:    11000000.10101000.00000001. 01110000

Netmask:    11111111.11111111.11111111. 00000000

            ------- Binär AND-operation --------

Network:    11000000.10101000.00000001. 00000000
