jonas@debian:~$ for adr in '192.168.133.193/25' '10/25' '20/25'; do ipcalc "$adr"; done
Address:   192.168.133.193      11000000.10101000.10000101.1 1000001
Netmask:   255.255.255.128 = 25 11111111.11111111.11111111.1 0000000
Wildcard:  0.0.0.127            00000000.00000000.00000000.0 1111111
=>
Network:   192.168.133.128/25   11000000.10101000.10000101.1 0000000
HostMin:   192.168.133.129      11000000.10101000.10000101.1 0000001
HostMax:   192.168.133.254      11000000.10101000.10000101.1 1111110
Broadcast: 192.168.133.255      11000000.10101000.10000101.1 1111111
Hosts/Net: 126                   Class C, Private Internet

Address:   255.192.0.0          11111111.11000000.00000000.0 0000000
Netmask:   255.255.255.128 = 25 11111111.11111111.11111111.1 0000000
Wildcard:  0.0.0.127            00000000.00000000.00000000.0 1111111
=>
Network:   255.192.0.0/25       11111111.11000000.00000000.0 0000000
HostMin:   255.192.0.1          11111111.11000000.00000000.0 0000001
HostMax:   255.192.0.126        11111111.11000000.00000000.0 1111110
Broadcast: 255.192.0.127        11111111.11000000.00000000.0 1111111
Hosts/Net: 126                   Class invalid

Address:   255.255.240.0        11111111.11111111.11110000.0 0000000
Netmask:   255.255.255.128 = 25 11111111.11111111.11111111.1 0000000
Wildcard:  0.0.0.127            00000000.00000000.00000000.0 1111111
=>
Network:   255.255.240.0/25     11111111.11111111.11110000.0 0000000
HostMin:   255.255.240.1        11111111.11111111.11110000.0 0000001
HostMax:   255.255.240.126      11111111.11111111.11110000.0 1111110
Broadcast: 255.255.240.127      11111111.11111111.11110000.0 1111111
Hosts/Net: 126                   Class invalid

